structure(list(n_30_1 = structure(list(par = c(-0.0952940003642279, 
0.42082152098059, 0.554688819657394, -1.73093385449376), value = 5.48469265912484, 
    counts = structure(c(245L, NA), .Names = c("function", "gradient"
    )), convergence = 0L, message = NULL, hessian = structure(c(13.2022513645857, 
    -1.42214022869069, 35.7680236757751, -2.45992772840431, -1.42214022869069, 
    9.61812656541383, -4.50987842071093, -2.2264296652974, 35.7680236757751, 
    -4.50987842071093, 807.786179730652, -69.5284920297912, -2.45992772840431, 
    -2.2264296652974, -69.5284920297912, 46.411528900947), .Dim = c(4L, 
    4L)), hr = function (y, x, b) 
    {
        if (length(b) != 2) {
            cat(b, "\n")
            stop("b must be vector of length 2.")
        }
        theta = exp(b)
        return(theta[1] * y * (y^2 + x^2)^(-(theta[2] + 3)/2))
    }, pi.x = function (x, logphi, w) 
    {
        if (length(logphi) != 2) {
            cat(logphi, "\n")
            stop("logphi must be vector of length 2.")
        }
        if (any(x > w)) 
            stop("x can't be greater than w")
        mu = logphi[1]
        sigma = exp(logphi[2])
        f = dnorm(x, mean = mu, sd = sigma)/(pnorm(w, mean = mu, 
            sd = sigma) - pnorm(0, mean = mu, sd = sigma))
        return(f)
    }, ystart = 3, w = 1, b = c(-0.0952940003642279, 0.42082152098059
    ), logphi = c(0.554688819657394, -1.73093385449376)), .Names = c("par", 
"value", "counts", "convergence", "message", "hessian", "hr", 
"pi.x", "ystart", "w", "b", "logphi")), n_30_2 = structure(list(
    par = c(-0.98244053609282, 0.100002118809651, 0.481827362602349, 
    -1.96809285350683), value = -5.32624563974318, counts = structure(c(277L, 
    NA), .Names = c("function", "gradient")), convergence = 0L, 
    message = NULL, hessian = structure(c(6.80014581178057, -0.74643259395657, 
    44.6699960274799, -5.54063549706996, -0.74643259395657, 5.68504569953276, 
    -7.83051344876995, -2.52180681070691, 44.6699960274799, -7.83051344876995, 
    1420.05272342782, -115.250961381097, -5.54063549706996, -2.52180681070691, 
    -115.250961381097, 59.3166185964833), .Dim = c(4L, 4L)), 
    hr = function (y, x, b) 
    {
        if (length(b) != 2) {
            cat(b, "\n")
            stop("b must be vector of length 2.")
        }
        theta = exp(b)
        return(theta[1] * y * (y^2 + x^2)^(-(theta[2] + 3)/2))
    }, pi.x = function (x, logphi, w) 
    {
        if (length(logphi) != 2) {
            cat(logphi, "\n")
            stop("logphi must be vector of length 2.")
        }
        if (any(x > w)) 
            stop("x can't be greater than w")
        mu = logphi[1]
        sigma = exp(logphi[2])
        f = dnorm(x, mean = mu, sd = sigma)/(pnorm(w, mean = mu, 
            sd = sigma) - pnorm(0, mean = mu, sd = sigma))
        return(f)
    }, ystart = 3, w = 1, b = c(-0.98244053609282, 0.100002118809651
    ), logphi = c(0.481827362602349, -1.96809285350683)), .Names = c("par", 
"value", "counts", "convergence", "message", "hessian", "hr", 
"pi.x", "ystart", "w", "b", "logphi")), n_30_3 = structure(list(
    par = c(-0.629743023746331, 0.133452835436696, 0.497313027600366, 
    -1.70413349257964), value = 5.76257754651128, counts = structure(c(169L, 
    NA), .Names = c("function", "gradient")), convergence = 0L, 
    message = NULL, hessian = structure(c(10.8871298185598, -0.191268873184214, 
    37.3779318962875, -4.14186002561934, -0.191268873184214, 
    6.03899869622282, -3.74320223661684, -2.51250499538891, 37.3779318962875, 
    -3.74320223661684, 757.642680735415, -68.573900760649, -4.14186002561934, 
    -2.51250499538891, -68.573900760649, 44.7298813246455), .Dim = c(4L, 
    4L)), hr = function (y, x, b) 
    {
        if (length(b) != 2) {
            cat(b, "\n")
            stop("b must be vector of length 2.")
        }
        theta = exp(b)
        return(theta[1] * y * (y^2 + x^2)^(-(theta[2] + 3)/2))
    }, pi.x = function (x, logphi, w) 
    {
        if (length(logphi) != 2) {
            cat(logphi, "\n")
            stop("logphi must be vector of length 2.")
        }
        if (any(x > w)) 
            stop("x can't be greater than w")
        mu = logphi[1]
        sigma = exp(logphi[2])
        f = dnorm(x, mean = mu, sd = sigma)/(pnorm(w, mean = mu, 
            sd = sigma) - pnorm(0, mean = mu, sd = sigma))
        return(f)
    }, ystart = 3, w = 1, b = c(-0.629743023746331, 0.133452835436696
    ), logphi = c(0.497313027600366, -1.70413349257964)), .Names = c("par", 
"value", "counts", "convergence", "message", "hessian", "hr", 
"pi.x", "ystart", "w", "b", "logphi")), n_30_4 = structure(list(
    par = c(-0.218477069870962, 0.263001748898894, 0.530012708321847, 
    -1.56906055597095), value = 10.3152501683086, counts = structure(c(191L, 
    NA), .Names = c("function", "gradient")), convergence = 0L, 
    message = NULL, hessian = structure(c(13.7965767490478, -1.19548838162231, 
    31.0615646026413, -2.5753195722622, -1.19548838162231, 6.62690181618686, 
    -3.68144828888362, -1.97991150541199, 31.0615646026413, -3.68144828888362, 
    539.514135006858, -52.8709122116222, -2.5753195722622, -1.97991150541199, 
    -52.8709122116222, 36.6614048199487), .Dim = c(4L, 4L)), 
    hr = function (y, x, b) 
    {
        if (length(b) != 2) {
            cat(b, "\n")
            stop("b must be vector of length 2.")
        }
        theta = exp(b)
        return(theta[1] * y * (y^2 + x^2)^(-(theta[2] + 3)/2))
    }, pi.x = function (x, logphi, w) 
    {
        if (length(logphi) != 2) {
            cat(logphi, "\n")
            stop("logphi must be vector of length 2.")
        }
        if (any(x > w)) 
            stop("x can't be greater than w")
        mu = logphi[1]
        sigma = exp(logphi[2])
        f = dnorm(x, mean = mu, sd = sigma)/(pnorm(w, mean = mu, 
            sd = sigma) - pnorm(0, mean = mu, sd = sigma))
        return(f)
    }, ystart = 3, w = 1, b = c(-0.218477069870962, 0.263001748898894
    ), logphi = c(0.530012708321847, -1.56906055597095)), .Names = c("par", 
"value", "counts", "convergence", "message", "hessian", "hr", 
"pi.x", "ystart", "w", "b", "logphi")), n_30_5 = structure(list(
    par = c(0.139276072008801, 0.45991547689619, 0.4870516862823, 
    -1.72242564399559), value = 9.63883525832395, counts = structure(c(149L, 
    NA), .Names = c("function", "gradient")), convergence = 0L, 
    message = NULL, hessian = structure(c(18.3168858236549, -1.43492964665981, 
    29.2473419700734, 0.623099378760372, -1.43492964665981, 9.43511125850449, 
    0.247925318941355, -1.60833744189404, 29.2473419700734, 0.247925318941355, 
    794.605741092358, -37.9798798209041, 0.623099378760372, -1.60833744189404, 
    -37.9798798209041, 41.7175957254656), .Dim = c(4L, 4L)), 
    hr = function (y, x, b) 
    {
        if (length(b) != 2) {
            cat(b, "\n")
            stop("b must be vector of length 2.")
        }
        theta = exp(b)
        return(theta[1] * y * (y^2 + x^2)^(-(theta[2] + 3)/2))
    }, pi.x = function (x, logphi, w) 
    {
        if (length(logphi) != 2) {
            cat(logphi, "\n")
            stop("logphi must be vector of length 2.")
        }
        if (any(x > w)) 
            stop("x can't be greater than w")
        mu = logphi[1]
        sigma = exp(logphi[2])
        f = dnorm(x, mean = mu, sd = sigma)/(pnorm(w, mean = mu, 
            sd = sigma) - pnorm(0, mean = mu, sd = sigma))
        return(f)
    }, ystart = 3, w = 1, b = c(0.139276072008801, 0.45991547689619
    ), logphi = c(0.4870516862823, -1.72242564399559)), .Names = c("par", 
"value", "counts", "convergence", "message", "hessian", "hr", 
"pi.x", "ystart", "w", "b", "logphi")), n_30_6 = structure(list(
    par = c(-0.0290190273850806, -0.60028900247131, 0.505496691902678, 
    -1.70912395543064), value = 15.1335245251628, counts = structure(c(195L, 
    NA), .Names = c("function", "gradient")), convergence = 0L, 
    message = NULL, hessian = structure(c(11.7007174829098, -2.10745836604076, 
    30.513499162943, -1.7119036459512, -2.10745836604076, 1.90988650272672, 
    -3.62918490726116, -0.766801378615511, 30.513499162943, -3.62918490726116, 
    813.045434715054, -43.0618644582381, -1.7119036459512, -0.766801378615511, 
    -43.0618644582381, 44.7847325757422), .Dim = c(4L, 4L)), 
    hr = function (y, x, b) 
    {
        if (length(b) != 2) {
            cat(b, "\n")
            stop("b must be vector of length 2.")
        }
        theta = exp(b)
        return(theta[1] * y * (y^2 + x^2)^(-(theta[2] + 3)/2))
    }, pi.x = function (x, logphi, w) 
    {
        if (length(logphi) != 2) {
            cat(logphi, "\n")
            stop("logphi must be vector of length 2.")
        }
        if (any(x > w)) 
            stop("x can't be greater than w")
        mu = logphi[1]
        sigma = exp(logphi[2])
        f = dnorm(x, mean = mu, sd = sigma)/(pnorm(w, mean = mu, 
            sd = sigma) - pnorm(0, mean = mu, sd = sigma))
        return(f)
    }, ystart = 3, w = 1, b = c(-0.0290190273850806, -0.60028900247131
    ), logphi = c(0.505496691902678, -1.70912395543064)), .Names = c("par", 
"value", "counts", "convergence", "message", "hessian", "hr", 
"pi.x", "ystart", "w", "b", "logphi")), n_30_7 = structure(list(
    par = c(-0.320098331221167, -0.244824909794096, 0.460004168661562, 
    -1.50517290559207), value = 16.3375009090219, counts = structure(c(171L, 
    NA), .Names = c("function", "gradient")), convergence = 0L, 
    message = NULL, hessian = structure(c(13.7834610711707, -0.819337938828824, 
    27.7799566505976, -1.35379798837931, -0.819337938828824, 
    3.38317271442179, -2.39833692372571, -1.35008264745551, 27.7799566505976, 
    -2.39833692372571, 450.746417469006, -21.5815660333796, -1.35379798837931, 
    -1.35008264745551, -21.5815660333796, 27.7973406817011), .Dim = c(4L, 
    4L)), hr = function (y, x, b) 
    {
        if (length(b) != 2) {
            cat(b, "\n")
            stop("b must be vector of length 2.")
        }
        theta = exp(b)
        return(theta[1] * y * (y^2 + x^2)^(-(theta[2] + 3)/2))
    }, pi.x = function (x, logphi, w) 
    {
        if (length(logphi) != 2) {
            cat(logphi, "\n")
            stop("logphi must be vector of length 2.")
        }
        if (any(x > w)) 
            stop("x can't be greater than w")
        mu = logphi[1]
        sigma = exp(logphi[2])
        f = dnorm(x, mean = mu, sd = sigma)/(pnorm(w, mean = mu, 
            sd = sigma) - pnorm(0, mean = mu, sd = sigma))
        return(f)
    }, ystart = 3, w = 1, b = c(-0.320098331221167, -0.244824909794096
    ), logphi = c(0.460004168661562, -1.50517290559207)), .Names = c("par", 
"value", "counts", "convergence", "message", "hessian", "hr", 
"pi.x", "ystart", "w", "b", "logphi")), n_30_8 = structure(list(
    par = c(-0.666030788005627, -0.549057574485057, 0.512341414641213, 
    -1.48742911002323), value = 18.1785126136865, counts = structure(c(175L, 
    NA), .Names = c("function", "gradient")), convergence = 0L, 
    message = NULL, hessian = structure(c(9.26585901872556, -0.877902264662112, 
    28.6837830580922, -4.62146362334437, -0.877902264662112, 
    1.91889758927033, -4.83380365245978, -0.876387054482564, 
    28.6837830580922, -4.83380365245978, 454.835188071989, -48.7863674196731, 
    -4.62146362334437, -0.876387054482564, -48.7863674196731, 
    33.0685116844975), .Dim = c(4L, 4L)), hr = function (y, x, 
        b) 
    {
        if (length(b) != 2) {
            cat(b, "\n")
            stop("b must be vector of length 2.")
        }
        theta = exp(b)
        return(theta[1] * y * (y^2 + x^2)^(-(theta[2] + 3)/2))
    }, pi.x = function (x, logphi, w) 
    {
        if (length(logphi) != 2) {
            cat(logphi, "\n")
            stop("logphi must be vector of length 2.")
        }
        if (any(x > w)) 
            stop("x can't be greater than w")
        mu = logphi[1]
        sigma = exp(logphi[2])
        f = dnorm(x, mean = mu, sd = sigma)/(pnorm(w, mean = mu, 
            sd = sigma) - pnorm(0, mean = mu, sd = sigma))
        return(f)
    }, ystart = 3, w = 1, b = c(-0.666030788005627, -0.549057574485057
    ), logphi = c(0.512341414641213, -1.48742911002323)), .Names = c("par", 
"value", "counts", "convergence", "message", "hessian", "hr", 
"pi.x", "ystart", "w", "b", "logphi")), n_30_9 = structure(list(
    par = c(-0.178104005477417, 0.440758777122479, 0.514044057708632, 
    -1.44486846652534), value = 10.453947868693, counts = structure(c(143L, 
    NA), .Names = c("function", "gradient")), convergence = 0L, 
    message = NULL, hessian = structure(c(16.4902436741166, 1.05454560950236, 
    26.1784683606159, -1.44207801122676, 1.05454560950236, 10.9594038182337, 
    -1.70832276324973, -1.98766814452078, 26.1784683606159, -1.70832276324973, 
    372.623706679676, -36.1987300183664, -1.44207801122676, -1.98766814452078, 
    -36.1987300183664, 26.7486780600734), .Dim = c(4L, 4L)), 
    hr = function (y, x, b) 
    {
        if (length(b) != 2) {
            cat(b, "\n")
            stop("b must be vector of length 2.")
        }
        theta = exp(b)
        return(theta[1] * y * (y^2 + x^2)^(-(theta[2] + 3)/2))
    }, pi.x = function (x, logphi, w) 
    {
        if (length(logphi) != 2) {
            cat(logphi, "\n")
            stop("logphi must be vector of length 2.")
        }
        if (any(x > w)) 
            stop("x can't be greater than w")
        mu = logphi[1]
        sigma = exp(logphi[2])
        f = dnorm(x, mean = mu, sd = sigma)/(pnorm(w, mean = mu, 
            sd = sigma) - pnorm(0, mean = mu, sd = sigma))
        return(f)
    }, ystart = 3, w = 1, b = c(-0.178104005477417, 0.440758777122479
    ), logphi = c(0.514044057708632, -1.44486846652534)), .Names = c("par", 
"value", "counts", "convergence", "message", "hessian", "hr", 
"pi.x", "ystart", "w", "b", "logphi")), n_30_10 = structure(list(
    par = c(0.157697931586588, -0.182929183077486, 0.459723697660272, 
    -1.77823891457965), value = 11.0243327374095, counts = structure(c(179L, 
    NA), .Names = c("function", "gradient")), convergence = 0L, 
    message = NULL, hessian = structure(c(16.4140739258301, -2.83035929182773, 
    29.016167479412, 0.344023670439952, -2.83035929182773, 3.6624461943191, 
    -1.47389802895859, -1.00109232903378, 29.016167479412, -1.47389802895859, 
    933.646108262298, -27.1146751285034, 0.344023670439952, -1.00109232903378, 
    -27.1146751285034, 44.8753457220619), .Dim = c(4L, 4L)), 
    hr = function (y, x, b) 
    {
        if (length(b) != 2) {
            cat(b, "\n")
            stop("b must be vector of length 2.")
        }
        theta = exp(b)
        return(theta[1] * y * (y^2 + x^2)^(-(theta[2] + 3)/2))
    }, pi.x = function (x, logphi, w) 
    {
        if (length(logphi) != 2) {
            cat(logphi, "\n")
            stop("logphi must be vector of length 2.")
        }
        if (any(x > w)) 
            stop("x can't be greater than w")
        mu = logphi[1]
        sigma = exp(logphi[2])
        f = dnorm(x, mean = mu, sd = sigma)/(pnorm(w, mean = mu, 
            sd = sigma) - pnorm(0, mean = mu, sd = sigma))
        return(f)
    }, ystart = 3, w = 1, b = c(0.157697931586588, -0.182929183077486
    ), logphi = c(0.459723697660272, -1.77823891457965)), .Names = c("par", 
"value", "counts", "convergence", "message", "hessian", "hr", 
"pi.x", "ystart", "w", "b", "logphi")), n_30_11 = structure(list(
    par = c(-0.0221741606796104, 0.145055126329963, 0.502336607850744, 
    -1.44245771490697), value = 13.4868398586141, counts = structure(c(111L, 
    NA), .Names = c("function", "gradient")), convergence = 0L, 
    message = NULL, hessian = structure(c(16.1334023047743, -1.2032425780184, 
    24.7101492574231, -0.826188542246697, -1.2032425780184, 6.67219645977823, 
    -2.73474627032755, -1.41541665654721, 24.7101492574231, -2.73474627032755, 
    382.892193384166, -27.4607882779776, -0.826188542246697, 
    -1.41541665654721, -27.4607882779776, 26.0086480539101), .Dim = c(4L, 
    4L)), hr = function (y, x, b) 
    {
        if (length(b) != 2) {
            cat(b, "\n")
            stop("b must be vector of length 2.")
        }
        theta = exp(b)
        return(theta[1] * y * (y^2 + x^2)^(-(theta[2] + 3)/2))
    }, pi.x = function (x, logphi, w) 
    {
        if (length(logphi) != 2) {
            cat(logphi, "\n")
            stop("logphi must be vector of length 2.")
        }
        if (any(x > w)) 
            stop("x can't be greater than w")
        mu = logphi[1]
        sigma = exp(logphi[2])
        f = dnorm(x, mean = mu, sd = sigma)/(pnorm(w, mean = mu, 
            sd = sigma) - pnorm(0, mean = mu, sd = sigma))
        return(f)
    }, ystart = 3, w = 1, b = c(-0.0221741606796104, 0.145055126329963
    ), logphi = c(0.502336607850744, -1.44245771490697)), .Names = c("par", 
"value", "counts", "convergence", "message", "hessian", "hr", 
"pi.x", "ystart", "w", "b", "logphi")), n_30_12 = structure(list(
    par = c(-0.762568272923241, 0.315946864046466, 0.510114907802019, 
    -1.53338739143271), value = 2.32684534448617, counts = structure(c(173L, 
    NA), .Names = c("function", "gradient")), convergence = 0L, 
    message = NULL, hessian = structure(c(12.5831847288538, 2.3780965863196, 
    32.750385509317, -4.572375831291, 2.3780965863196, 10.4001396965536, 
    -2.29541605989425, -3.00139205777761, 32.750385509317, -2.29541605989425, 
    471.025028818239, -57.6633903772716, -4.572375831291, -3.00139205777761, 
    -57.6633903772716, 34.6101734338689), .Dim = c(4L, 4L)), 
    hr = function (y, x, b) 
    {
        if (length(b) != 2) {
            cat(b, "\n")
            stop("b must be vector of length 2.")
        }
        theta = exp(b)
        return(theta[1] * y * (y^2 + x^2)^(-(theta[2] + 3)/2))
    }, pi.x = function (x, logphi, w) 
    {
        if (length(logphi) != 2) {
            cat(logphi, "\n")
            stop("logphi must be vector of length 2.")
        }
        if (any(x > w)) 
            stop("x can't be greater than w")
        mu = logphi[1]
        sigma = exp(logphi[2])
        f = dnorm(x, mean = mu, sd = sigma)/(pnorm(w, mean = mu, 
            sd = sigma) - pnorm(0, mean = mu, sd = sigma))
        return(f)
    }, ystart = 3, w = 1, b = c(-0.762568272923241, 0.315946864046466
    ), logphi = c(0.510114907802019, -1.53338739143271)), .Names = c("par", 
"value", "counts", "convergence", "message", "hessian", "hr", 
"pi.x", "ystart", "w", "b", "logphi")), n_30_13 = structure(list(
    par = c(-0.550784650909567, 0.43693548404158, 0.515211467502796, 
    -1.82829969293424), value = 0.838974181939447, counts = structure(c(167L, 
    NA), .Names = c("function", "gradient")), convergence = 0L, 
    message = NULL, hessian = structure(c(11.3583826868435, 0.0752786548652296, 
    41.9261159567696, -3.80077368222764, 0.0752786548652296, 
    8.50623942483253, -1.63003630238023, -3.26557158336627, 41.9261159567696, 
    -1.63003630238023, 996.804019127939, -84.5659422703537, -3.80077368222764, 
    -3.26557158336627, -84.5659422703537, 50.6939412416862), .Dim = c(4L, 
    4L)), hr = function (y, x, b) 
    {
        if (length(b) != 2) {
            cat(b, "\n")
            stop("b must be vector of length 2.")
        }
        theta = exp(b)
        return(theta[1] * y * (y^2 + x^2)^(-(theta[2] + 3)/2))
    }, pi.x = function (x, logphi, w) 
    {
        if (length(logphi) != 2) {
            cat(logphi, "\n")
            stop("logphi must be vector of length 2.")
        }
        if (any(x > w)) 
            stop("x can't be greater than w")
        mu = logphi[1]
        sigma = exp(logphi[2])
        f = dnorm(x, mean = mu, sd = sigma)/(pnorm(w, mean = mu, 
            sd = sigma) - pnorm(0, mean = mu, sd = sigma))
        return(f)
    }, ystart = 3, w = 1, b = c(-0.550784650909567, 0.43693548404158
    ), logphi = c(0.515211467502796, -1.82829969293424)), .Names = c("par", 
"value", "counts", "convergence", "message", "hessian", "hr", 
"pi.x", "ystart", "w", "b", "logphi")), n_30_14 = structure(list(
    par = c(-0.249665246144049, 0.408374288047046, 0.490300699616035, 
    -1.26125027269861), value = 9.91090434230769, counts = structure(c(139L, 
    NA), .Names = c("function", "gradient")), convergence = 0L, 
    message = NULL, hessian = structure(c(17.604017115147, 1.76963868936397, 
    20.3592661156549, -0.793296335288574, 1.76963868936397, 10.1485103352061, 
    -1.22642846722698, -1.63622894566728, 20.3592661156549, -1.22642846722698, 
    208.467532754941, -17.186264595237, -0.793296335288574, -1.63622894566728, 
    -17.186264595237, 15.1867442306219), .Dim = c(4L, 4L)), hr = function (y, 
        x, b) 
    {
        if (length(b) != 2) {
            cat(b, "\n")
            stop("b must be vector of length 2.")
        }
        theta = exp(b)
        return(theta[1] * y * (y^2 + x^2)^(-(theta[2] + 3)/2))
    }, pi.x = function (x, logphi, w) 
    {
        if (length(logphi) != 2) {
            cat(logphi, "\n")
            stop("logphi must be vector of length 2.")
        }
        if (any(x > w)) 
            stop("x can't be greater than w")
        mu = logphi[1]
        sigma = exp(logphi[2])
        f = dnorm(x, mean = mu, sd = sigma)/(pnorm(w, mean = mu, 
            sd = sigma) - pnorm(0, mean = mu, sd = sigma))
        return(f)
    }, ystart = 3, w = 1, b = c(-0.249665246144049, 0.408374288047046
    ), logphi = c(0.490300699616035, -1.26125027269861)), .Names = c("par", 
"value", "counts", "convergence", "message", "hessian", "hr", 
"pi.x", "ystart", "w", "b", "logphi")), n_30_15 = structure(list(
    par = c(0.117628311937823, 0.511848973606729, 0.500593235314186, 
    -1.566739369644), value = 7.70494656596409, counts = structure(c(183L, 
    NA), .Names = c("function", "gradient")), convergence = 0L, 
    message = NULL, hessian = structure(c(18.4240369756061, -0.364395473351209, 
    26.253402699794, 0.251846920651388, -0.364395473351209, 11.4765267131833, 
    -0.947414988683448, -1.70389546683136, 26.253402699794, -0.947414988683448, 
    532.180433168605, -34.157914587718, 0.251846920651388, -1.70389546683136, 
    -34.157914587718, 33.029908909521), .Dim = c(4L, 4L)), hr = function (y, 
        x, b) 
    {
        if (length(b) != 2) {
            cat(b, "\n")
            stop("b must be vector of length 2.")
        }
        theta = exp(b)
        return(theta[1] * y * (y^2 + x^2)^(-(theta[2] + 3)/2))
    }, pi.x = function (x, logphi, w) 
    {
        if (length(logphi) != 2) {
            cat(logphi, "\n")
            stop("logphi must be vector of length 2.")
        }
        if (any(x > w)) 
            stop("x can't be greater than w")
        mu = logphi[1]
        sigma = exp(logphi[2])
        f = dnorm(x, mean = mu, sd = sigma)/(pnorm(w, mean = mu, 
            sd = sigma) - pnorm(0, mean = mu, sd = sigma))
        return(f)
    }, ystart = 3, w = 1, b = c(0.117628311937823, 0.511848973606729
    ), logphi = c(0.500593235314186, -1.566739369644)), .Names = c("par", 
"value", "counts", "convergence", "message", "hessian", "hr", 
"pi.x", "ystart", "w", "b", "logphi")), n_30_16 = structure(list(
    par = c(-0.452204175042289, -0.308034687561002, 0.479655700548335, 
    -1.73452401218987), value = 10.4745812604133, counts = structure(c(161L, 
    NA), .Names = c("function", "gradient")), convergence = 0L, 
    message = NULL, hessian = structure(c(10.2664802099639, -1.34279859453912, 
    35.4404285034526, -3.14405976098442, -1.34279859453912, 2.8583273055105, 
    -4.16389578816734, -1.42254052382107, 35.4404285034526, -4.16389578816734, 
    840.41101517851, -55.4965656638373, -3.14405976098442, -1.42254052382107, 
    -55.4965656638373, 45.2916371149747), .Dim = c(4L, 4L)), 
    hr = function (y, x, b) 
    {
        if (length(b) != 2) {
            cat(b, "\n")
            stop("b must be vector of length 2.")
        }
        theta = exp(b)
        return(theta[1] * y * (y^2 + x^2)^(-(theta[2] + 3)/2))
    }, pi.x = function (x, logphi, w) 
    {
        if (length(logphi) != 2) {
            cat(logphi, "\n")
            stop("logphi must be vector of length 2.")
        }
        if (any(x > w)) 
            stop("x can't be greater than w")
        mu = logphi[1]
        sigma = exp(logphi[2])
        f = dnorm(x, mean = mu, sd = sigma)/(pnorm(w, mean = mu, 
            sd = sigma) - pnorm(0, mean = mu, sd = sigma))
        return(f)
    }, ystart = 3, w = 1, b = c(-0.452204175042289, -0.308034687561002
    ), logphi = c(0.479655700548335, -1.73452401218987)), .Names = c("par", 
"value", "counts", "convergence", "message", "hessian", "hr", 
"pi.x", "ystart", "w", "b", "logphi")), n_30_17 = structure(list(
    par = c(0.370654223458175, 0.374772617965943, 0.449874711057953, 
    -2.19920229211515), value = -5.22376462757483, counts = structure(c(179L, 
    NA), .Names = c("function", "gradient")), convergence = 0L, 
    message = NULL, hessian = structure(c(21.3230125252206, -2.68034351535995, 
    27.7322259103485, 1.42853145290722, -2.68034351535995, 9.63534399200938, 
    4.76092497891933, -0.442716205695248, 27.7322259103485, 4.76092497891933, 
    2324.34549767513, -31.6792730503668, 1.42853145290722, -0.442716205695248, 
    -31.6792730503668, 55.2079265321304), .Dim = c(4L, 4L)), 
    hr = function (y, x, b) 
    {
        if (length(b) != 2) {
            cat(b, "\n")
            stop("b must be vector of length 2.")
        }
        theta = exp(b)
        return(theta[1] * y * (y^2 + x^2)^(-(theta[2] + 3)/2))
    }, pi.x = function (x, logphi, w) 
    {
        if (length(logphi) != 2) {
            cat(logphi, "\n")
            stop("logphi must be vector of length 2.")
        }
        if (any(x > w)) 
            stop("x can't be greater than w")
        mu = logphi[1]
        sigma = exp(logphi[2])
        f = dnorm(x, mean = mu, sd = sigma)/(pnorm(w, mean = mu, 
            sd = sigma) - pnorm(0, mean = mu, sd = sigma))
        return(f)
    }, ystart = 3, w = 1, b = c(0.370654223458175, 0.374772617965943
    ), logphi = c(0.449874711057953, -2.19920229211515)), .Names = c("par", 
"value", "counts", "convergence", "message", "hessian", "hr", 
"pi.x", "ystart", "w", "b", "logphi")), n_30_18 = structure(list(
    par = c(0.549252429023756, 0.534957438809244, 0.498955238841546, 
    -1.4651010342732), value = 13.5428037254946, counts = structure(c(299L, 
    NA), .Names = c("function", "gradient")), convergence = 0L, 
    message = NULL, hessian = structure(c(21.3570275469088, -4.15063464043186, 
    18.4205645488156, 1.39923107722595, -4.15063464043186, 11.2382383541387, 
    -2.09537156026229, -1.11032414018553, 18.4205645488156, -2.09537156026229, 
    419.009489000199, -18.6887785496026, 1.39923107722595, -1.11032414018553, 
    -18.6887785496026, 26.8266812759599), .Dim = c(4L, 4L)), 
    hr = function (y, x, b) 
    {
        if (length(b) != 2) {
            cat(b, "\n")
            stop("b must be vector of length 2.")
        }
        theta = exp(b)
        return(theta[1] * y * (y^2 + x^2)^(-(theta[2] + 3)/2))
    }, pi.x = function (x, logphi, w) 
    {
        if (length(logphi) != 2) {
            cat(logphi, "\n")
            stop("logphi must be vector of length 2.")
        }
        if (any(x > w)) 
            stop("x can't be greater than w")
        mu = logphi[1]
        sigma = exp(logphi[2])
        f = dnorm(x, mean = mu, sd = sigma)/(pnorm(w, mean = mu, 
            sd = sigma) - pnorm(0, mean = mu, sd = sigma))
        return(f)
    }, ystart = 3, w = 1, b = c(0.549252429023756, 0.534957438809244
    ), logphi = c(0.498955238841546, -1.4651010342732)), .Names = c("par", 
"value", "counts", "convergence", "message", "hessian", "hr", 
"pi.x", "ystart", "w", "b", "logphi")), n_30_19 = structure(list(
    par = c(0.142046712709545, 0.236102054885095, 0.516902174101543, 
    -1.5662536342517), value = 11.2758507588473, counts = structure(c(159L, 
    NA), .Names = c("function", "gradient")), convergence = 0L, 
    message = NULL, hessian = structure(c(16.4838114811161, -2.27728032564656, 
    26.9638041507925, -0.49307197702575, -2.27728032564656, 7.49949304612585, 
    -3.0073229186911, -1.46669397071975, 26.9638041507925, -3.0073229186911, 
    545.307909037174, -37.5123814038147, -0.49307197702575, -1.46669397071975, 
    -37.5123814038147, 34.6343907642321), .Dim = c(4L, 4L)), 
    hr = function (y, x, b) 
    {
        if (length(b) != 2) {
            cat(b, "\n")
            stop("b must be vector of length 2.")
        }
        theta = exp(b)
        return(theta[1] * y * (y^2 + x^2)^(-(theta[2] + 3)/2))
    }, pi.x = function (x, logphi, w) 
    {
        if (length(logphi) != 2) {
            cat(logphi, "\n")
            stop("logphi must be vector of length 2.")
        }
        if (any(x > w)) 
            stop("x can't be greater than w")
        mu = logphi[1]
        sigma = exp(logphi[2])
        f = dnorm(x, mean = mu, sd = sigma)/(pnorm(w, mean = mu, 
            sd = sigma) - pnorm(0, mean = mu, sd = sigma))
        return(f)
    }, ystart = 3, w = 1, b = c(0.142046712709545, 0.236102054885095
    ), logphi = c(0.516902174101543, -1.5662536342517)), .Names = c("par", 
"value", "counts", "convergence", "message", "hessian", "hr", 
"pi.x", "ystart", "w", "b", "logphi")), n_30_20 = structure(list(
    par = c(-0.469704123637393, -0.49444624745711, 0.510604004849663, 
    -1.36854726020402), value = 17.5368952093864, counts = structure(c(249L, 
    NA), .Names = c("function", "gradient")), convergence = 0L, 
    message = NULL, hessian = structure(c(11.4005792113403, -0.767882622376703, 
    24.7439423688434, -3.29545359978312, -0.767882622376703, 
    2.39141645330676, -3.5983294317532, -0.848468273861869, 24.7439423688434, 
    -3.5983294317532, 317.432553586627, -31.5870144445007, -3.29545359978312, 
    -0.848468273861869, -31.5870144445007, 23.6315537476273), .Dim = c(4L, 
    4L)), hr = function (y, x, b) 
    {
        if (length(b) != 2) {
            cat(b, "\n")
            stop("b must be vector of length 2.")
        }
        theta = exp(b)
        return(theta[1] * y * (y^2 + x^2)^(-(theta[2] + 3)/2))
    }, pi.x = function (x, logphi, w) 
    {
        if (length(logphi) != 2) {
            cat(logphi, "\n")
            stop("logphi must be vector of length 2.")
        }
        if (any(x > w)) 
            stop("x can't be greater than w")
        mu = logphi[1]
        sigma = exp(logphi[2])
        f = dnorm(x, mean = mu, sd = sigma)/(pnorm(w, mean = mu, 
            sd = sigma) - pnorm(0, mean = mu, sd = sigma))
        return(f)
    }, ystart = 3, w = 1, b = c(-0.469704123637393, -0.49444624745711
    ), logphi = c(0.510604004849663, -1.36854726020402)), .Names = c("par", 
"value", "counts", "convergence", "message", "hessian", "hr", 
"pi.x", "ystart", "w", "b", "logphi")), n_30_21 = structure(list(
    par = c(-0.621861287156883, -0.449326426241468, 0.50471405486235, 
    -1.553758223054), value = 12.6696731602323, counts = structure(c(157L, 
    NA), .Names = c("function", "gradient")), convergence = 0L, 
    message = NULL, hessian = structure(c(9.43678847864504, -0.779693920982538, 
    30.7755143622579, -4.38197364527326, -0.779693920982538, 
    2.60656295747452, -5.01903570926387, -1.09170824114102, 30.7755143622579, 
    -5.01903570926387, 541.072481563543, -52.0686097402745, -4.38197364527326, 
    -1.09170824114102, -52.0686097402745, 36.7707099195869), .Dim = c(4L, 
    4L)), hr = function (y, x, b) 
    {
        if (length(b) != 2) {
            cat(b, "\n")
            stop("b must be vector of length 2.")
        }
        theta = exp(b)
        return(theta[1] * y * (y^2 + x^2)^(-(theta[2] + 3)/2))
    }, pi.x = function (x, logphi, w) 
    {
        if (length(logphi) != 2) {
            cat(logphi, "\n")
            stop("logphi must be vector of length 2.")
        }
        if (any(x > w)) 
            stop("x can't be greater than w")
        mu = logphi[1]
        sigma = exp(logphi[2])
        f = dnorm(x, mean = mu, sd = sigma)/(pnorm(w, mean = mu, 
            sd = sigma) - pnorm(0, mean = mu, sd = sigma))
        return(f)
    }, ystart = 3, w = 1, b = c(-0.621861287156883, -0.449326426241468
    ), logphi = c(0.50471405486235, -1.553758223054)), .Names = c("par", 
"value", "counts", "convergence", "message", "hessian", "hr", 
"pi.x", "ystart", "w", "b", "logphi")), n_30_22 = structure(list(
    par = c(-0.822644405202112, 0.194739058608403, 0.524459889739711, 
    -1.42779697078324), value = 7.88647444518816, counts = structure(c(211L, 
    NA), .Names = c("function", "gradient")), convergence = 0L, 
    message = NULL, hessian = structure(c(12.1418532699202, 2.06450282025372, 
    29.1881133054339, -5.13320057016209, 2.06450282025372, 9.02829734439337, 
    -3.7406632973358, -2.39103791166428, 29.1881133054339, -3.7406632973358, 
    355.404655455693, -51.2481321748304, -5.13320057016209, -2.39103791166428, 
    -51.2481321748304, 29.5614373024833), .Dim = c(4L, 4L)), 
    hr = function (y, x, b) 
    {
        if (length(b) != 2) {
            cat(b, "\n")
            stop("b must be vector of length 2.")
        }
        theta = exp(b)
        return(theta[1] * y * (y^2 + x^2)^(-(theta[2] + 3)/2))
    }, pi.x = function (x, logphi, w) 
    {
        if (length(logphi) != 2) {
            cat(logphi, "\n")
            stop("logphi must be vector of length 2.")
        }
        if (any(x > w)) 
            stop("x can't be greater than w")
        mu = logphi[1]
        sigma = exp(logphi[2])
        f = dnorm(x, mean = mu, sd = sigma)/(pnorm(w, mean = mu, 
            sd = sigma) - pnorm(0, mean = mu, sd = sigma))
        return(f)
    }, ystart = 3, w = 1, b = c(-0.822644405202112, 0.194739058608403
    ), logphi = c(0.524459889739711, -1.42779697078324)), .Names = c("par", 
"value", "counts", "convergence", "message", "hessian", "hr", 
"pi.x", "ystart", "w", "b", "logphi")), n_30_23 = structure(list(
    par = c(-0.129565589147726, -0.554250601449656, 0.430524993517731, 
    -1.77991497637031), value = 10.460877328999, counts = structure(c(229L, 
    NA), .Names = c("function", "gradient")), convergence = 0L, 
    message = NULL, hessian = structure(c(13.7604276737591, -1.40383722291304, 
    31.9416187140042, -0.585290914623116, -1.40383722291304, 
    2.38739694014001, -1.4514487172157, -0.914623921488555, 31.9416187140042, 
    -1.4514487172157, 924.789792199565, -26.3740085899578, -0.585290914623116, 
    -0.914623921488555, -26.3740085899578, 43.0371105135663), .Dim = c(4L, 
    4L)), hr = function (y, x, b) 
    {
        if (length(b) != 2) {
            cat(b, "\n")
            stop("b must be vector of length 2.")
        }
        theta = exp(b)
        return(theta[1] * y * (y^2 + x^2)^(-(theta[2] + 3)/2))
    }, pi.x = function (x, logphi, w) 
    {
        if (length(logphi) != 2) {
            cat(logphi, "\n")
            stop("logphi must be vector of length 2.")
        }
        if (any(x > w)) 
            stop("x can't be greater than w")
        mu = logphi[1]
        sigma = exp(logphi[2])
        f = dnorm(x, mean = mu, sd = sigma)/(pnorm(w, mean = mu, 
            sd = sigma) - pnorm(0, mean = mu, sd = sigma))
        return(f)
    }, ystart = 3, w = 1, b = c(-0.129565589147726, -0.554250601449656
    ), logphi = c(0.430524993517731, -1.77991497637031)), .Names = c("par", 
"value", "counts", "convergence", "message", "hessian", "hr", 
"pi.x", "ystart", "w", "b", "logphi")), n_30_24 = structure(list(
    par = c(-0.581167522803916, -0.708104987060258, 0.541139205527503, 
    -1.65304155312961), value = 12.0822592411461, counts = structure(c(243L, 
    NA), .Names = c("function", "gradient")), convergence = 0L, 
    message = NULL, hessian = structure(c(6.80994933510704, -1.28274241939508, 
    30.9145259609345, -4.99703787837369, -1.28274241939508, 1.50440596158319, 
    -6.45254270059681, -0.445637731827375, 30.9145259609345, 
    -6.45254270059681, 729.084438511052, -75.3585513324495, -4.99703787837369, 
    -0.445637731827375, -75.3585513324495, 48.1447498121845), .Dim = c(4L, 
    4L)), hr = function (y, x, b) 
    {
        if (length(b) != 2) {
            cat(b, "\n")
            stop("b must be vector of length 2.")
        }
        theta = exp(b)
        return(theta[1] * y * (y^2 + x^2)^(-(theta[2] + 3)/2))
    }, pi.x = function (x, logphi, w) 
    {
        if (length(logphi) != 2) {
            cat(logphi, "\n")
            stop("logphi must be vector of length 2.")
        }
        if (any(x > w)) 
            stop("x can't be greater than w")
        mu = logphi[1]
        sigma = exp(logphi[2])
        f = dnorm(x, mean = mu, sd = sigma)/(pnorm(w, mean = mu, 
            sd = sigma) - pnorm(0, mean = mu, sd = sigma))
        return(f)
    }, ystart = 3, w = 1, b = c(-0.581167522803916, -0.708104987060258
    ), logphi = c(0.541139205527503, -1.65304155312961)), .Names = c("par", 
"value", "counts", "convergence", "message", "hessian", "hr", 
"pi.x", "ystart", "w", "b", "logphi")), n_30_25 = structure(list(
    par = c(-0.340751004676718, 0.223323608369645, 0.448065418223815, 
    -1.72341394740414), value = 2.43557766482901, counts = structure(c(143L, 
    NA), .Names = c("function", "gradient")), convergence = 0L, 
    message = NULL, hessian = structure(c(15.2396204398109, 1.10017101651039, 
    34.3128840356588, -0.889289908490021, 1.10017101651039, 8.55826746803956, 
    1.32352491299947, -2.10068092787452, 34.3128840356588, 1.32352491299947, 
    770.214365740651, -39.7124717139707, -0.889289908490021, 
    -2.10068092787452, -39.7124717139707, 39.2421675554644), .Dim = c(4L, 
    4L)), hr = function (y, x, b) 
    {
        if (length(b) != 2) {
            cat(b, "\n")
            stop("b must be vector of length 2.")
        }
        theta = exp(b)
        return(theta[1] * y * (y^2 + x^2)^(-(theta[2] + 3)/2))
    }, pi.x = function (x, logphi, w) 
    {
        if (length(logphi) != 2) {
            cat(logphi, "\n")
            stop("logphi must be vector of length 2.")
        }
        if (any(x > w)) 
            stop("x can't be greater than w")
        mu = logphi[1]
        sigma = exp(logphi[2])
        f = dnorm(x, mean = mu, sd = sigma)/(pnorm(w, mean = mu, 
            sd = sigma) - pnorm(0, mean = mu, sd = sigma))
        return(f)
    }, ystart = 3, w = 1, b = c(-0.340751004676718, 0.223323608369645
    ), logphi = c(0.448065418223815, -1.72341394740414)), .Names = c("par", 
"value", "counts", "convergence", "message", "hessian", "hr", 
"pi.x", "ystart", "w", "b", "logphi")), n_30_26 = structure(list(
    par = c(-0.4620537325667, 0.140476885607477, 0.599022378755806, 
    -1.01020050138486), value = 16.3317517042439, counts = structure(c(165L, 
    NA), .Names = c("function", "gradient")), convergence = 0L, 
    message = NULL, hessian = structure(c(14.5920088883145, 0.826499341854969, 
    15.5215697210664, -3.97161521403788, 0.826499341854969, 7.16295006153445, 
    -2.78565622036098, -0.654364479046876, 15.5215697210664, 
    -2.78565622036098, 94.6790972031764, -23.6797897987806, -3.97161521403788, 
    -0.654364479046876, -23.6797897987806, 12.4952567857051), .Dim = c(4L, 
    4L)), hr = function (y, x, b) 
    {
        if (length(b) != 2) {
            cat(b, "\n")
            stop("b must be vector of length 2.")
        }
        theta = exp(b)
        return(theta[1] * y * (y^2 + x^2)^(-(theta[2] + 3)/2))
    }, pi.x = function (x, logphi, w) 
    {
        if (length(logphi) != 2) {
            cat(logphi, "\n")
            stop("logphi must be vector of length 2.")
        }
        if (any(x > w)) 
            stop("x can't be greater than w")
        mu = logphi[1]
        sigma = exp(logphi[2])
        f = dnorm(x, mean = mu, sd = sigma)/(pnorm(w, mean = mu, 
